160.80876967235
160.247270568168
160.017958474518
159.874429461601
159.521553560871
159.541102078988
159.331413210263
159.484905199187
159.825988071431
159.865753508243
160.629149516623
161.668326947512
161.190157858481
161.136410507546
161.51102137074
161.450080537861
161.649822182762
161.49515311326
161.09017674311
161.011548182876
160.735332125618
159.891877887355
159.577377982753
158.628257692673
158.510263674298
158.378517247289
158.361865995502
158.258537757728
158.221348482952
157.826458223161
157.91810168592
158.178753808344
158.340495106341
158.34799042953
158.709107553062
159.263326551128
158.991020027879
159.009016519926
159.36563084234
159.284804426234
159.335062589662
159.32008059374
159.264935665115
159.350101362898
158.905132149222
158.565709053096
158.275189235739
157.926124725421
